4086 141.142
   3893 140.141 OARNET-AS
   1390 66.253   GTT-BACKBONE GTT
    381 195.252  Uppsala Lans Landsting, SE
    365 192.80   Google Fiber Webpass
    336 98.228   COMCAST-7922
    283 10.192    
    255 10.195
    235 10.193
    203 10.194
    177 98.212   COMCAST-7922 
    136 72.36    ADVANCED-COMMUNICATIONS-TECHNOLOGY
    136 10.251
    125 198.241  AS-NETBLK-COC
    116 140.177  WOLFRAM-AS
    115 73.210   COMCAST-7922
    101 208.92   NETBLK-DMRCOM
     89 10.250
     81 2620:0:c80:600::2
     78 76.191
     70 75.243
     68 38.65
     68 108.213
     61 2610:1e0:1700:202::7
     57 76.103
     56 73.222
     53 216.171
     51 2600:2701:5000:a902::c
     50 73.8
     34 153.33
     33 2601:240:8300:62::1a42
     32 108.50
     31 185.169
     30 89.187
     27 69.17
     26 45.39
     26 182.69
     24 24.1
     21 67.163
     19 193.42
     18 76.10
     18 172.93
     16 201.239
     16 131.193
     15 71.57
     15 67.130
     13 91.196
     13 86.48
     12 67.11
     12 111.93
     11 99.63
     11 98.63
     11 185.203
     11 134.215
     10 94.140
     10 72.179
     10 169.150
      9 98.97
      9 45.132
      8 76.147
      8 62.45
      8 213.87
      8 181.215
      7 67.173
      7 2607:f750:2752:7a00:30de:71b8:e34c:3979
      7 2607:f750:2752:7a00:245a:5964:a383:d095
      7 223.228
      6 67.134
      6 65.155
      6 50.74
      6 49.36
      6 2607:f750:2752:a700:7de3:5f7d:101a:4d68
      6 2607:f750:2752:7a00:a5e6:e9fe:2760:8ef8
      6 216.169
      6 208.88
      6 166.173
      6 159.146
      6 137.227
      5 50.81
      5 2607:f750:2752:7a00:bdfb:74a0:5f21:3ccf
      5 2607:f750:2752:7a00:8f:c05a:c65e:81cf
      5 2607:f750:2752:6200:c71:b029:6c8d:8c68
      5 2607:f750:2752:6200:5013:e89c:7486:541f
      5 24.12
      5 209.152
      5 192.17
      5 190.196
      5 174.62
      5 130.126
      4 89.144
      4 73.22
      4 66.59
      4 47.200
      4 47.149
      4 2607:f750:2752:7a00:d88e:126c:6c24:60d1
      4 2607:f750:2752:7a00:4c07:51ba:14e6:bb5b
      4 2607:f750:2752:7900:d909:1ae7:43d0:2c41
      4 2607:f750:2752:7900:bd22:2586:e6ba:2fcb
      4 24.15
      4 192.145
      4 166.199
      4 162.120
      4 106.194
      3 98.52
      3 73.36
      3 73.211
      3 66.222
      3 61.199
      3 50.30
      3 2620:0:c80:5::b
      3 2607:f750:2752:a700:f4e9:549f:cf3e:a56a
      3 2607:f750:2752:a700:24da:5030:27e3:1ce4
      3 2607:f750:2752:a700:11fe:3b51:f88f:4b3d
      3 2607:f750:2752:7900:dcd6:123e:a430:6187
      3 2607:f750:2752:6200:50ce:f4c1:1d55:8ca5
      3 2601:240:8400:d82:4d9f:d1a1:a0cc:9e8c
      3 24.90
      3 216.125
      3 174.228
      3 173.230
      3 152.58
      3 12.203
      3 107.0
      2 99.98
      2 97.135
      2 93.225
      2 92.251
      2 89.247
      2 88.21
      2 84.106
      2 79.32
      2 79.231
      2 79.213
      2 73.168
      2 72.107
      2 68.65
      2 67.141
      2 5.54
      2 5.157
      2 49.249
      2 47.202
      2 2620:0:c80:5::8
      2 2620:0:c80:5::7
      2 2620:0:c80:5::3
      2 2607:f750:2752:a700:b955:c49a:1fcb:7e65
      2 2607:f750:2752:7a00:f5c7:d375:4f33:72db
      2 2607:f750:2752:7a00:c967:c8e1:91d5:57a0
      2 2607:f750:2752:7a00:c934:ccc5:1157:c6f8
      2 2607:f750:2752:7a00:ac0f:7675:6c6d:76d5
      2 2607:f750:2752:7a00:9c70:845c:b4c7:58e4
      2 2607:f750:2752:7a00:907b:1f2:dcf2:250f
      2 2607:f750:2752:7a00:905b:b7b9:82c8:c8c3
      2 2607:f750:2752:7a00:8c86:cb39:3fd9:f602
      2 2607:f750:2752:7a00:899d:872f:1686:fa22
      2 2607:f750:2752:7a00:806a:53b:63ba:ff3a
      2 2607:f750:2752:7a00:658a:4023:76cd:7c89
      2 2607:f750:2752:7a00:59d5:d488:6d98:58bb
      2 2607:f750:2752:7a00:35e9:1c2e:e67:b19f
      2 2.103
      2 209.104
      2 188.80
      2 188.119
      2 185.172
      2 184.55
      2 181.165
      2 180.83
      2 174.239
      2 172.59
      2 172.58
      2 166.175
      2 155.133
      2 152.230
      2 151.49
      2 149.34
      2 146.70
      2 129.222
      2 12.32
      2 12.105
      1 99.126
      1 98.220
      1 75.131
      1 74.119
      1 73.73
      1 73.45
      1 73.225
      1 70.119
      1 63.66
      1 50.99
      1 50.79
      1 34.69
      1 34.202
      1 2620:0:c80:5::c
      1 2620:0:c80:5::9
      1 2620:0:c80:5::5
      1 2620:0:c80:5::2
      1 2620:0:c80:5::1
      1 2607:f750:2752:a700:8115:127b:4432:49bf
      1 2607:f750:2752:a700:1829:e267:7148:47d9
      1 2607:f750:2752:7a00:f024:66c7:f5c0:8a50
      1 2607:f750:2752:7a00:e968:96c9:cfc2:47e7
      1 2607:f750:2752:7a00:e834:d421:ec62:5dd
      1 2607:f750:2752:7a00:e834:2b1b:599f:a492
      1 2607:f750:2752:7a00:e58a:8251:c20c:c27c
      1 2607:f750:2752:7a00:c53a:1a2e:481d:c746
      1 2607:f750:2752:7a00:c4a:be11:8cc6:d413
      1 2607:f750:2752:7a00:a817:9dcd:75b4:3c4a
      1 2607:f750:2752:7a00:9010:1c47:1b2:59
      1 2607:f750:2752:7a00:6037:e324:218c:a
      1 2607:f750:2752:7a00:5d9e:77ca:701c:5020
      1 2607:f750:2752:7a00:5932:af76:40a4:22f2
      1 2607:f750:2752:7a00:541a:6ec5:21ec:444a
      1 2607:f750:2752:7a00:445:d0cd:24f3:510a
      1 2607:f750:2752:7a00:3cd3:3603:cc69:5901
      1 2607:f750:2752:7a00:2c9b:9c9f:66d:1275
      1 2607:f750:2752:7900:9502:6de7:de69:4f7f
      1 2607:f750:2752:7900:16e:7711:6191:599f
      1 2607:f750:2752:6200:d1a6:d7d4:51d5:368b
      1 2607:f750:2752:6200:d022:b123:a23:caaa
      1 2607:f750:2752:6200:480a:da36:e572:765a
      1 2607:f750:2752:6200:2c7f:b620:7873:8556
      1 2601:240:8300:62:7e56:cde:4a4:890a
      1 209.50
      1 208.114
      1 204.237
      1 198.129
      1 194.233
      1 192.76
      1 192.5
      1 192.241
      1 185.217
      1 185.187
      1 172.56
      1 172.29
      1 169.197
      1 146.155
      1 136.22
      1 129.21
      1 12.48
      1 122.162
      1 12.195
      1 12.181
      1 103.182